Column_Data_00
    step        time[-]          F_x           F_y           F_z
       1   3.125000e-03  -6.4963e-08    0.0000e+00   -5.2940e-24
       2   6.250000e-03  -3.0369e-07    0.0000e+00    2.1943e-17
       3   9.375000e-03  -7.5977e-07    0.0000e+00    5.6070e-16
       4   1.250000e-02  -1.4217e-06    0.0000e+00    4.5574e-15
       5   1.562500e-02  -2.2726e-06    0.0000e+00    2.1655e-14
       6   1.875000e-02  -3.3060e-06    0.0000e+00    7.4851e-14
       7   2.187500e-02  -4.5224e-06    0.0000e+00    2.0939e-13
       8   2.500000e-02  -5.8531e-06    0.0000e+00    4.9480e-13
       9   2.812500e-02  -7.4125e-06    0.0000e+00    1.0586e-12
      10   3.125000e-02  -9.1591e-06    0.0000e+00    2.0740e-12
      11   3.437500e-02  -1.1087e-05    0.0000e+00    3.7939e-12
      12   3.750000e-02  -1.3198e-05    0.0000e+00    6.5671e-12
      13   4.062500e-02  -1.5485e-05    0.0000e+00    1.0847e-11
      14   4.375000e-02  -1.7957e-05    0.0000e+00    1.7236e-11
      15   4.687500e-02  -2.0599e-05    0.0000e+00    2.6464e-11
      16   5.000000e-02  -2.3421e-05    0.0000e+00    3.9476e-11
      17   5.312500e-02  -2.6429e-05    0.0000e+00    5.7432e-11
      18   5.625000e-02  -2.9595e-05    0.0000e+00    8.1608e-11
      19   5.937500e-02  -3.2941e-05    0.0000e+00    1.1372e-10
      20   6.250000e-02  -3.6467e-05    0.0000e+00    1.5571e-10
      21   6.562500e-02  -4.0158e-05    0.0000e+00    2.0971e-10
      22   6.875000e-02  -4.4010e-05    0.0000e+00    2.7825e-10
      23   7.187500e-02  -4.8049e-05    0.0000e+00    3.6463e-10
      24   7.500000e-02  -5.2258e-05    0.0000e+00    4.7202e-10
      25   7.812500e-02  -5.6607e-05    0.0000e+00    6.0378e-10
      26   8.125000e-02  -6.1161e-05    0.0000e+00    7.6552e-10
      27   8.437500e-02  -6.5850e-05    0.0000e+00    9.6046e-10
      28   8.750000e-02  -7.0722e-05    0.0000e+00    1.1955e-09
      29   9.062500e-02  -7.5739e-05    0.0000e+00    1.4751e-09
      30   9.375000e-02  -8.0925e-05    0.0000e+00    1.8071e-09
      31   9.687500e-02  -8.6272e-05    0.0000e+00    2.1981e-09
      32   1.000000e-01  -9.1771e-05    0.0000e+00    2.6560e-09
      33   1.031250e-01  -9.7449e-05    0.0000e+00    3.1909e-09
      34   1.062500e-01  -1.0329e-04    0.0000e+00    3.8114e-09
      35   1.093750e-01  -1.0924e-04    0.0000e+00    4.5243e-09
      36   1.125000e-01  -1.1539e-04    0.0000e+00    5.3482e-09
      37   1.156250e-01  -1.2167e-04    0.0000e+00    6.2885e-09
      38   1.187500e-01  -1.2810e-04    0.0000e+00    7.3589e-09
      39   1.218750e-01  -1.3469e-04    0.0000e+00    8.5785e-09
      40   1.250000e-01  -1.4145e-04    0.0000e+00    9.9594e-09
      41   1.281250e-01  -1.4831e-04    0.0000e+00    1.1509e-08
      42   1.312500e-01  -1.5538e-04    0.0000e+00    1.3265e-08
      43   1.343750e-01  -1.6253e-04    0.0000e+00    1.5217e-08
      44   1.375000e-01  -1.6987e-04    0.0000e+00    1.7414e-08
      45   1.406250e-01  -1.7734e-04    0.0000e+00    1.9855e-08
      46   1.437500e-01  -1.8493e-04    0.0000e+00    2.2565e-08
      47   1.468750e-01  -1.9270e-04    0.0000e+00    2.5583e-08
      48   1.500000e-01  -2.0057e-04    0.0000e+00    2.8907e-08
      49   1.531250e-01  -2.0862e-04    0.0000e+00    3.2590e-08
      50   1.562500e-01  -2.1675e-04    0.0000e+00    3.6625e-08
      51   1.593750e-01  -2.2511e-04    0.0000e+00    4.1105e-08
      52   1.625000e-01  -2.3347e-04    0.0000e+00    4.5941e-08
      53   1.656250e-01  -2.4212e-04    0.0000e+00    5.1340e-08
      54   1.687500e-01  -2.5075e-04    0.0000e+00    5.7122e-08
      55   1.718750e-01  -2.5960e-04    0.0000e+00    6.3513e-08
      56   1.750000e-01  -2.6857e-04    0.0000e+00    7.0446e-08
      57   1.781250e-01  -2.7766e-04    0.0000e+00    7.7974e-08
      58   1.812500e-01  -2.8685e-04    0.0000e+00    8.6137e-08
      59   1.843750e-01  -2.9624e-04    0.0000e+00    9.5036e-08
      60   1.875000e-01  -3.0563e-04    0.0000e+00    1.0454e-07
      61   1.906250e-01  -3.1521e-04    0.0000e+00    1.1491e-07
      62   1.937500e-01  -3.2498e-04    0.0000e+00    1.2613e-07
      63   1.968750e-01  -3.3473e-04    0.0000e+00    1.3804e-07
      64   2.000000e-01  -3.4474e-04    0.0000e+00    1.5109e-07
      65   2.031250e-01  -3.5472e-04    0.0000e+00    1.6485e-07
      66   2.062500e-01  -3.6487e-04    0.0000e+00    1.7977e-07
      67   2.093750e-01  -3.7520e-04    0.0000e+00    1.9580e-07
      68   2.125000e-01  -3.8557e-04    0.0000e+00    2.1283e-07
      69   2.156250e-01  -3.9610e-04    0.0000e+00    2.3115e-07
      70   2.187500e-01  -4.0676e-04    0.0000e+00    2.5074e-07
      71   2.218750e-01  -4.1744e-04    0.0000e+00    2.7146e-07
      72   2.250000e-01  -4.2825e-04    0.0000e+00    2.9367e-07
      73   2.281250e-01  -4.3920e-04    0.0000e+00    3.1735e-07
      74   2.312500e-01  -4.5016e-04    0.0000e+00    3.4230e-07
      75   2.343750e-01  -4.6138e-04    0.0000e+00    3.6924e-07
      76   2.375000e-01  -4.7246e-04    0.0000e+00    3.9716e-07
      77   2.406250e-01  -4.8394e-04    0.0000e+00    4.2772e-07
      78   2.437500e-01  -4.9527e-04    0.0000e+00    4.5914e-07
      79   2.468750e-01  -5.0684e-04    0.0000e+00    4.9311e-07
      80   2.500000e-01  -5.1853e-04    0.0000e+00    5.2890e-07
      81   2.531250e-01  -5.3015e-04    0.0000e+00    5.6626e-07
      82   2.562500e-01  -5.4201e-04    0.0000e+00    6.0641e-07
      83   2.593750e-01  -5.5383e-04    0.0000e+00    6.4807e-07
      84   2.625000e-01  -5.6587e-04    0.0000e+00    6.9273e-07
      85   2.656250e-01  -5.7785e-04    0.0000e+00    7.3900e-07
      86   2.687500e-01  -5.9007e-04    0.0000e+00    7.8854e-07
      87   2.718750e-01  -6.0220e-04    0.0000e+00    8.3976e-07
      88   2.750000e-01  -6.1822e-04    0.0000e+00    9.0915e-07
      89   2.781250e-01  -6.3450e-04    0.0000e+00    9.7630e-07
      90   2.812500e-01  -6.4996e-04    0.0000e+00    1.0459e-06
      91   2.843750e-01  -6.6404e-04    0.0000e+00    1.1164e-06
      92   2.875000e-01  -6.7706e-04    0.0000e+00    1.1883e-06
      93   2.906250e-01  -6.9024e-04    0.0000e+00    1.2651e-06
      94   2.937500e-01  -6.9650e-04    0.0000e+00    1.3172e-06
      95   2.968750e-01  -7.0396e-04    0.0000e+00    1.3738e-06
      96   3.000000e-01  -7.1582e-04    0.0000e+00    1.4491e-06
      97   3.031250e-01  -7.2957e-04    0.0000e+00    1.5352e-06
      98   3.062500e-01  -7.4325e-04    0.0000e+00    1.6250e-06
      99   3.093750e-01  -7.5647e-04    0.0000e+00    1.7168e-06
     100   3.125000e-01  -7.6954e-04    0.0000e+00    1.8118e-06
     101   3.156250e-01  -7.8268e-04    0.0000e+00    1.9108e-06
     102   3.187500e-01  -7.9596e-04    0.0000e+00    2.0144e-06
     103   3.218750e-01  -8.0932e-04    0.0000e+00    2.1225e-06
     104   3.250000e-01  -8.2273e-04    0.0000e+00    2.2349e-06
     105   3.281250e-01  -8.3618e-04    0.0000e+00    2.3520e-06
     106   3.312500e-01  -8.4968e-04    0.0000e+00    2.4737e-06
     107   3.343750e-01  -8.6323e-04    0.0000e+00    2.6004e-06
     108   3.375000e-01  -8.7684e-04    0.0000e+00    2.7320e-06
     109   3.406250e-01  -8.9049e-04    0.0000e+00    2.8687e-06
     110   3.437500e-01  -9.0419e-04    0.0000e+00    3.0107e-06
     111   3.468750e-01  -9.1793e-04    0.0000e+00    3.1582e-06
     112   3.500000e-01  -9.3171e-04    0.0000e+00    3.3111e-06
     113   3.531250e-01  -9.4552e-04    0.0000e+00    3.4696e-06
     114   3.562500e-01  -9.5939e-04    0.0000e+00    3.6341e-06
     115   3.593750e-01  -9.7329e-04    0.0000e+00    3.8046e-06
     116   3.625000e-01  -9.8723e-04    0.0000e+00    3.9811e-06
     117   3.656250e-01  -1.0012e-03    0.0000e+00    4.1639e-06
     118   3.687500e-01  -1.0152e-03    0.0000e+00    4.3531e-06
     119   3.718750e-01  -1.0292e-03    0.0000e+00    4.5488e-06
     120   3.750000e-01  -1.0433e-03    0.0000e+00    4.7512e-06
     121   3.781250e-01  -1.0574e-03    0.0000e+00    4.9605e-06
     122   3.812500e-01  -1.0715e-03    0.0000e+00    5.1767e-06
     123   3.843750e-01  -1.0856e-03    0.0000e+00    5.4001e-06
     124   3.875000e-01  -1.0998e-03    0.0000e+00    5.6308e-06
     125   3.906250e-01  -1.1140e-03    0.0000e+00    5.8689e-06
     126   3.937500e-01  -1.1282e-03    0.0000e+00    6.1147e-06
     127   3.968750e-01  -1.1424e-03    0.0000e+00    6.3682e-06
     128   4.000000e-01  -1.1566e-03    0.0000e+00    6.6296e-06
     129   4.031250e-01  -1.1709e-03    0.0000e+00    6.8991e-06
     130   4.062500e-01  -1.1851e-03    0.0000e+00    7.1768e-06
     131   4.093750e-01  -1.1994e-03    0.0000e+00    7.4630e-06
     132   4.125000e-01  -1.2137e-03    0.0000e+00    7.7576e-06
     133   4.156250e-01  -1.2280e-03    0.0000e+00    8.0610e-06
     134   4.187500e-01  -1.2423e-03    0.0000e+00    8.3733e-06
     135   4.218750e-01  -1.2565e-03    0.0000e+00    8.6943e-06
     136   4.250000e-01  -1.2708e-03    0.0000e+00    9.0249e-06
     137   4.281250e-01  -1.2852e-03    0.0000e+00    9.3648e-06
     138   4.312500e-01  -1.2995e-03    0.0000e+00    9.7141e-06
     139   4.343750e-01  -1.3137e-03    0.0000e+00    1.0073e-05
     140   4.375000e-01  -1.3280e-03    0.0000e+00    1.0442e-05
     141   4.406250e-01  -1.3423e-03    0.0000e+00    1.0821e-05
     142   4.437500e-01  -1.3566e-03    0.0000e+00    1.1210e-05
     143   4.468750e-01  -1.3709e-03    0.0000e+00    1.1609e-05
     144   4.500000e-01  -1.3851e-03    0.0000e+00    1.2019e-05
     145   4.531250e-01  -1.3994e-03    0.0000e+00    1.2439e-05
     146   4.562500e-01  -1.4136e-03    0.0000e+00    1.2870e-05
     147   4.593750e-01  -1.4278e-03    0.0000e+00    1.3312e-05
     148   4.625000e-01  -1.4420e-03    0.0000e+00    1.3765e-05
     149   4.656250e-01  -1.4562e-03    0.0000e+00    1.4230e-05
     150   4.687500e-01  -1.4703e-03    0.0000e+00    1.4706e-05
     151   4.718750e-01  -1.4845e-03    0.0000e+00    1.5193e-05
     152   4.750000e-01  -1.4986e-03    0.0000e+00    1.5693e-05
     153   4.781250e-01  -1.5127e-03    0.0000e+00    1.6204e-05
     154   4.812500e-01  -1.5267e-03    0.0000e+00    1.6727e-05
     155   4.843750e-01  -1.5408e-03    0.0000e+00    1.7262e-05
     156   4.875000e-01  -1.5547e-03    0.0000e+00    1.7810e-05
     157   4.906250e-01  -1.5687e-03    0.0000e+00    1.8370e-05
     158   4.937500e-01  -1.5826e-03    0.0000e+00    1.8943e-05
     159   4.968750e-01  -1.5965e-03    0.0000e+00    1.9529e-05
     160   5.000000e-01  -1.6104e-03    0.0000e+00    2.0128e-05
     161   5.031250e-01  -1.6242e-03    0.0000e+00    2.0739e-05
     162   5.062500e-01  -1.6380e-03    0.0000e+00    2.1364e-05
     163   5.093750e-01  -1.6517e-03    0.0000e+00    2.2003e-05
     164   5.125000e-01  -1.6654e-03    0.0000e+00    2.2655e-05
     165   5.156250e-01  -1.6791e-03    0.0000e+00    2.3320e-05
     166   5.187500e-01  -1.6927e-03    0.0000e+00    2.4000e-05
     167   5.218750e-01  -1.7062e-03    0.0000e+00    2.4693e-05
     168   5.250000e-01  -1.7197e-03    0.0000e+00    2.5401e-05
     169   5.281250e-01  -1.7332e-03    0.0000e+00    2.6123e-05
     170   5.312500e-01  -1.7466e-03    0.0000e+00    2.6859e-05
     171   5.343750e-01  -1.7599e-03    0.0000e+00    2.7610e-05
     172   5.375000e-01  -1.7732e-03    0.0000e+00    2.8375e-05
     173   5.406250e-01  -1.7864e-03    0.0000e+00    2.9155e-05
     174   5.437500e-01  -1.7996e-03    0.0000e+00    2.9950e-05
     175   5.468750e-01  -1.8127e-03    0.0000e+00    3.0760e-05
     176   5.500000e-01  -1.8258e-03    0.0000e+00    3.1585e-05
     177   5.531250e-01  -1.8387e-03    0.0000e+00    3.2426e-05
     178   5.562500e-01  -1.8517e-03    0.0000e+00    3.3281e-05
     179   5.593750e-01  -1.8645e-03    0.0000e+00    3.4153e-05
     180   5.625000e-01  -1.8773e-03    0.0000e+00    3.5040e-05
     181   5.656250e-01  -1.8900e-03    0.0000e+00    3.5942e-05
     182   5.687500e-01  -1.9026e-03    0.0000e+00    3.6860e-05
     183   5.718750e-01  -1.9152e-03    0.0000e+00    3.7795e-05
     184   5.750000e-01  -1.9277e-03    0.0000e+00    3.8745e-05
     185   5.781250e-01  -1.9401e-03    0.0000e+00    3.9711e-05
     186   5.812500e-01  -1.9524e-03    0.0000e+00    4.0694e-05
     187   5.843750e-01  -1.9647e-03    0.0000e+00    4.1693e-05
     188   5.875000e-01  -1.9769e-03    0.0000e+00    4.2708e-05
     189   5.906250e-01  -1.9890e-03    0.0000e+00    4.3740e-05
     190   5.937500e-01  -2.0010e-03    0.0000e+00    4.4788e-05
     191   5.968750e-01  -2.0129e-03    0.0000e+00    4.5853e-05
     192   6.000000e-01  -2.0248e-03    0.0000e+00    4.6935e-05
     193   6.031250e-01  -2.0365e-03    0.0000e+00    4.8034e-05
     194   6.062500e-01  -2.0482e-03    0.0000e+00    4.9149e-05
     195   6.093750e-01  -2.0598e-03    0.0000e+00    5.0282e-05
     196   6.125000e-01  -2.0712e-03    0.0000e+00    5.1431e-05
     197   6.156250e-01  -2.0826e-03    0.0000e+00    5.2598e-05
     198   6.187500e-01  -2.0939e-03    0.0000e+00    5.3781e-05
     199   6.218750e-01  -2.1051e-03    0.0000e+00    5.4982e-05
     200   6.250000e-01  -2.1162e-03    0.0000e+00    5.6200e-05
     201   6.281250e-01  -2.1272e-03    0.0000e+00    5.7435e-05
     202   6.312500e-01  -2.1381e-03    0.0000e+00    5.8688e-05
     203   6.343750e-01  -2.1489e-03    0.0000e+00    5.9958e-05
     204   6.375000e-01  -2.1596e-03    0.0000e+00    6.1246e-05
     205   6.406250e-01  -2.1702e-03    0.0000e+00    6.2551e-05
     206   6.437500e-01  -2.1807e-03    0.0000e+00    6.3873e-05
     207   6.468750e-01  -2.1911e-03    0.0000e+00    6.5213e-05
     208   6.500000e-01  -2.2014e-03    0.0000e+00    6.6571e-05
     209   6.531250e-01  -2.2115e-03    0.0000e+00    6.7946e-05
     210   6.562500e-01  -2.2216e-03    0.0000e+00    6.9338e-05
     211   6.593750e-01  -2.2315e-03    0.0000e+00    7.0748e-05
     212   6.625000e-01  -2.2414e-03    0.0000e+00    7.2176e-05
     213   6.656250e-01  -2.2511e-03    0.0000e+00    7.3622e-05
     214   6.687500e-01  -2.2607e-03    0.0000e+00    7.5085e-05
     215   6.718750e-01  -2.2701e-03    0.0000e+00    7.6565e-05
     216   6.750000e-01  -2.2795e-03    0.0000e+00    7.8063e-05
     217   6.781250e-01  -2.2887e-03    0.0000e+00    7.9579e-05
     218   6.812500e-01  -2.2979e-03    0.0000e+00    8.1112e-05
     219   6.843750e-01  -2.3069e-03    0.0000e+00    8.2663e-05
     220   6.875000e-01  -2.3158e-03    0.0000e+00    8.4232e-05
     221   6.906250e-01  -2.3245e-03    0.0000e+00    8.5817e-05
     222   6.937500e-01  -2.3331e-03    0.0000e+00    8.7421e-05
     223   6.968750e-01  -2.3416e-03    0.0000e+00    8.9041e-05
     224   7.000000e-01  -2.3500e-03    0.0000e+00    9.0679e-05
     225   7.031250e-01  -2.3583e-03    0.0000e+00    9.2335e-05
     226   7.062500e-01  -2.3664e-03    0.0000e+00    9.4007e-05
     227   7.093750e-01  -2.3744e-03    0.0000e+00    9.5697e-05
     228   7.125000e-01  -2.3822e-03    0.0000e+00    9.7404e-05
     229   7.156250e-01  -2.3900e-03    0.0000e+00    9.9128e-05
     230   7.187500e-01  -2.3975e-03    0.0000e+00    1.0087e-04
     231   7.218750e-01  -2.4050e-03    0.0000e+00    1.0263e-04
     232   7.250000e-01  -2.4123e-03    0.0000e+00    1.0440e-04
     233   7.281250e-01  -2.4195e-03    0.0000e+00    1.0619e-04
     234   7.312500e-01  -2.4266e-03    0.0000e+00    1.0800e-04
     235   7.343750e-01  -2.4335e-03    0.0000e+00    1.0983e-04
     236   7.375000e-01  -2.4402e-03    0.0000e+00    1.1167e-04
     237   7.406250e-01  -2.4469e-03    0.0000e+00    1.1353e-04
     238   7.437500e-01  -2.4533e-03    0.0000e+00    1.1540e-04
     239   7.468750e-01  -2.4597e-03    0.0000e+00    1.1729e-04
     240   7.500000e-01  -2.4659e-03    0.0000e+00    1.1920e-04
     241   7.531250e-01  -2.4719e-03    0.0000e+00    1.2112e-04
     242   7.562500e-01  -2.4779e-03    0.0000e+00    1.2306e-04
     243   7.593750e-01  -2.4836e-03    0.0000e+00    1.2502e-04
     244   7.625000e-01  -2.4892e-03    0.0000e+00    1.2699e-04
     245   7.656250e-01  -2.4947e-03    0.0000e+00    1.2897e-04
     246   7.687500e-01  -2.5000e-03    0.0000e+00    1.3097e-04
     247   7.718750e-01  -2.5052e-03    0.0000e+00    1.3299e-04
     248   7.750000e-01  -2.5102e-03    0.0000e+00    1.3502e-04
     249   7.781250e-01  -2.5151e-03    0.0000e+00    1.3707e-04
     250   7.812500e-01  -2.5198e-03    0.0000e+00    1.3913e-04
     251   7.843750e-01  -2.5244e-03    0.0000e+00    1.4120e-04
     252   7.875000e-01  -2.5288e-03    0.0000e+00    1.4329e-04
     253   7.906250e-01  -2.5331e-03    0.0000e+00    1.4540e-04
     254   7.937500e-01  -2.5372e-03    0.0000e+00    1.4752e-04
     255   7.968750e-01  -2.5412e-03    0.0000e+00    1.4965e-04
     256   8.000000e-01  -2.5450e-03    0.0000e+00    1.5179e-04
     257   8.031250e-01  -2.5486e-03    0.0000e+00    1.5395e-04
     258   8.062500e-01  -2.5521e-03    0.0000e+00    1.5613e-04
     259   8.093750e-01  -2.5554e-03    0.0000e+00    1.5831e-04
     260   8.125000e-01  -2.5586e-03    0.0000e+00    1.6051e-04
     261   8.156250e-01  -2.5616e-03    0.0000e+00    1.6272e-04
     262   8.187500e-01  -2.5645e-03    0.0000e+00    1.6495e-04
     263   8.218750e-01  -2.5672e-03    0.0000e+00    1.6718e-04
     264   8.250000e-01  -2.5697e-03    0.0000e+00    1.6943e-04
     265   8.281250e-01  -2.5721e-03    0.0000e+00    1.7169e-04
     266   8.312500e-01  -2.5743e-03    0.0000e+00    1.7396e-04
     267   8.343750e-01  -2.5764e-03    0.0000e+00    1.7625e-04
     268   8.375000e-01  -2.5783e-03    0.0000e+00    1.7854e-04
     269   8.406250e-01  -2.5800e-03    0.0000e+00    1.8085e-04
     270   8.437500e-01  -2.5816e-03    0.0000e+00    1.8316e-04
     271   8.468750e-01  -2.5830e-03    0.0000e+00    1.8549e-04
     272   8.500000e-01  -2.5843e-03    0.0000e+00    1.8783e-04
     273   8.531250e-01  -2.5854e-03    0.0000e+00    1.9017e-04
     274   8.562500e-01  -2.5863e-03    0.0000e+00    1.9253e-04
     275   8.593750e-01  -2.5871e-03    0.0000e+00    1.9490e-04
     276   8.625000e-01  -2.5877e-03    0.0000e+00    1.9727e-04
     277   8.656250e-01  -2.5881e-03    0.0000e+00    1.9965e-04
     278   8.687500e-01  -2.5884e-03    0.0000e+00    2.0205e-04
     279   8.718750e-01  -2.5885e-03    0.0000e+00    2.0445e-04
     280   8.750000e-01  -2.5884e-03    0.0000e+00    2.0686e-04
     281   8.781250e-01  -2.5882e-03    0.0000e+00    2.0927e-04
     282   8.812500e-01  -2.5878e-03    0.0000e+00    2.1170e-04
     283   8.843750e-01  -2.5873e-03    0.0000e+00    2.1413e-04
     284   8.875000e-01  -2.5866e-03    0.0000e+00    2.1656e-04
     285   8.906250e-01  -2.5857e-03    0.0000e+00    2.1901e-04
     286   8.937500e-01  -2.5846e-03    0.0000e+00    2.2146e-04
     287   8.968750e-01  -2.5834e-03    0.0000e+00    2.2391e-04
     288   9.000000e-01  -2.5821e-03    0.0000e+00    2.2638e-04
     289   9.031250e-01  -2.5805e-03    0.0000e+00    2.2884e-04
     290   9.062500e-01  -2.5788e-03    0.0000e+00    2.3131e-04
     291   9.093750e-01  -2.5770e-03    0.0000e+00    2.3379e-04
     292   9.125000e-01  -2.5749e-03    0.0000e+00    2.3627e-04
     293   9.156250e-01  -2.5727e-03    0.0000e+00    2.3876e-04
     294   9.187500e-01  -2.5704e-03    0.0000e+00    2.4124e-04
     295   9.218750e-01  -2.5678e-03    0.0000e+00    2.4373e-04
     296   9.250000e-01  -2.5651e-03    0.0000e+00    2.4623e-04
     297   9.281250e-01  -2.5623e-03    0.0000e+00    2.4872e-04
     298   9.312500e-01  -2.5593e-03    0.0000e+00    2.5122e-04
     299   9.343750e-01  -2.5561e-03    0.0000e+00    2.5372e-04
     300   9.375000e-01  -2.5528e-03    0.0000e+00    2.5623e-04
     301   9.406250e-01  -2.5492e-03    0.0000e+00    2.5873e-04
     302   9.437500e-01  -2.5456e-03    0.0000e+00    2.6123e-04
     303   9.468750e-01  -2.5417e-03    0.0000e+00    2.6374e-04
     304   9.500000e-01  -2.5377e-03    0.0000e+00    2.6624e-04
     305   9.531250e-01  -2.5336e-03    0.0000e+00    2.6874e-04
     306   9.562500e-01  -2.5293e-03    0.0000e+00    2.7125e-04
     307   9.593750e-01  -2.5248e-03    0.0000e+00    2.7375e-04
     308   9.625000e-01  -2.5202e-03    0.0000e+00    2.7625e-04
     309   9.656250e-01  -2.5154e-03    0.0000e+00    2.7875e-04
     310   9.687500e-01  -2.5104e-03    0.0000e+00    2.8124e-04
     311   9.718750e-01  -2.5053e-03    0.0000e+00    2.8373e-04
     312   9.750000e-01  -2.5000e-03    0.0000e+00    2.8622e-04
     313   9.781250e-01  -2.4946e-03    0.0000e+00    2.8871e-04
     314   9.812500e-01  -2.4890e-03    0.0000e+00    2.9119e-04
     315   9.843750e-01  -2.4832e-03    0.0000e+00    2.9367e-04
     316   9.875000e-01  -2.4773e-03    0.0000e+00    2.9614e-04
     317   9.906250e-01  -2.4713e-03    0.0000e+00    2.9861e-04
     318   9.937500e-01  -2.4651e-03    0.0000e+00    3.0107e-04
     319   9.968750e-01  -2.4587e-03    0.0000e+00    3.0353e-04
     320   1.000000e+00  -2.4522e-03    0.0000e+00    3.0598e-04
     321   1.003125e+00  -2.4456e-03    0.0000e+00    3.0843e-04
     322   1.006250e+00  -2.4390e-03    0.0000e+00    3.1086e-04
     323   1.009375e+00  -2.4324e-03    0.0000e+00    3.1329e-04
     324   1.012500e+00  -2.4260e-03    0.0000e+00    3.1571e-04
     325   1.015625e+00  -2.4195e-03    0.0000e+00    3.1813e-04
     326   1.018750e+00  -2.4131e-03    0.0000e+00    3.2054e-04
     327   1.021875e+00  -2.4068e-03    0.0000e+00    3.2294e-04
     328   1.025000e+00  -2.4004e-03    0.0000e+00    3.2533e-04
     329   1.028125e+00  -2.3941e-03    0.0000e+00    3.2772e-04
     330   1.031250e+00  -2.3879e-03    0.0000e+00    3.3010e-04
     331   1.034375e+00  -2.3817e-03    0.0000e+00    3.3248e-04
     332   1.037500e+00  -2.3755e-03    0.0000e+00    3.3484e-04
     333   1.040625e+00  -2.3693e-03    0.0000e+00    3.3720e-04
     334   1.043750e+00  -2.3632e-03    0.0000e+00    3.3955e-04
     335   1.046875e+00  -2.3571e-03    0.0000e+00    3.4190e-04
     336   1.050000e+00  -2.3511e-03    0.0000e+00    3.4424e-04
     337   1.053125e+00  -2.3450e-03    0.0000e+00    3.4657e-04
     338   1.056250e+00  -2.3391e-03    0.0000e+00    3.4889e-04
     339   1.059375e+00  -2.3331e-03    0.0000e+00    3.5121e-04
     340   1.062500e+00  -2.3272e-03    0.0000e+00    3.5352e-04
     341   1.065625e+00  -2.3213e-03    0.0000e+00    3.5582e-04
     342   1.068750e+00  -2.3155e-03    0.0000e+00    3.5812e-04
     343   1.071875e+00  -2.3097e-03    0.0000e+00    3.6041e-04
     344   1.075000e+00  -2.3039e-03    0.0000e+00    3.6269e-04
     345   1.078125e+00  -2.2981e-03    0.0000e+00    3.6497e-04
     346   1.081250e+00  -2.2924e-03    0.0000e+00    3.6724e-04
     347   1.084375e+00  -2.2867e-03    0.0000e+00    3.6950e-04
     348   1.087500e+00  -2.2811e-03    0.0000e+00    3.7175e-04
     349   1.090625e+00  -2.2754e-03    0.0000e+00    3.7400e-04
     350   1.093750e+00  -2.2699e-03    0.0000e+00    3.7624e-04
     351   1.096875e+00  -2.2643e-03    0.0000e+00    3.7847e-04
     352   1.100000e+00  -2.2588e-03    0.0000e+00    3.8070e-04
     353   1.103125e+00  -2.2533e-03    0.0000e+00    3.8291e-04
     354   1.106250e+00  -2.2478e-03    0.0000e+00    3.8513e-04
     355   1.109375e+00  -2.2424e-03    0.0000e+00    3.8733e-04
     356   1.112500e+00  -2.2370e-03    0.0000e+00    3.8953e-04
     357   1.115625e+00  -2.2316e-03    0.0000e+00    3.9172e-04
     358   1.118750e+00  -2.2263e-03    0.0000e+00    3.9390e-04
     359   1.121875e+00  -2.2210e-03    0.0000e+00    3.9608e-04
     360   1.125000e+00  -2.2157e-03    0.0000e+00    3.9825e-04
     361   1.128125e+00  -2.2105e-03    0.0000e+00    4.0041e-04
     362   1.131250e+00  -2.2052e-03    0.0000e+00    4.0257e-04
     363   1.134375e+00  -2.2001e-03    0.0000e+00    4.0471e-04
     364   1.137500e+00  -2.1949e-03    0.0000e+00    4.0686e-04
     365   1.140625e+00  -2.1898e-03    0.0000e+00    4.0899e-04
     366   1.143750e+00  -2.1847e-03    0.0000e+00    4.1112e-04
     367   1.146875e+00  -2.1796e-03    0.0000e+00    4.1324e-04
     368   1.150000e+00  -2.1746e-03    0.0000e+00    4.1535e-04
     369   1.153125e+00  -2.1696e-03    0.0000e+00    4.1746e-04
     370   1.156250e+00  -2.1646e-03    0.0000e+00    4.1955e-04
     371   1.159375e+00  -2.1596e-03    0.0000e+00    4.2165e-04
     372   1.162500e+00  -2.1547e-03    0.0000e+00    4.2373e-04
     373   1.165625e+00  -2.1498e-03    0.0000e+00    4.2581e-04
     374   1.168750e+00  -2.1450e-03    0.0000e+00    4.2788e-04
     375   1.171875e+00  -2.1401e-03    0.0000e+00    4.2994e-04
     376   1.175000e+00  -2.1353e-03    0.0000e+00    4.3200e-04
     377   1.178125e+00  -2.1305e-03    0.0000e+00    4.3405e-04
     378   1.181250e+00  -2.1258e-03    0.0000e+00    4.3609e-04
     379   1.184375e+00  -2.1211e-03    0.0000e+00    4.3813e-04
     380   1.187500e+00  -2.1164e-03    0.0000e+00    4.4016e-04
     381   1.190625e+00  -2.1117e-03    0.0000e+00    4.4218e-04
     382   1.193750e+00  -2.1071e-03    0.0000e+00    4.4420e-04
     383   1.196875e+00  -2.1024e-03    0.0000e+00    4.4620e-04
     384   1.200000e+00  -2.0979e-03    0.0000e+00    4.4820e-04
     385   1.203125e+00  -2.0933e-03    0.0000e+00    4.5020e-04
     386   1.206250e+00  -2.0888e-03    0.0000e+00    4.5219e-04
     387   1.209375e+00  -2.0843e-03    0.0000e+00    4.5417e-04
     388   1.212500e+00  -2.0798e-03    0.0000e+00    4.5614e-04
     389   1.215625e+00  -2.0753e-03    0.0000e+00    4.5810e-04
     390   1.218750e+00  -2.0709e-03    0.0000e+00    4.6006e-04
     391   1.221875e+00  -2.0665e-03    0.0000e+00    4.6202e-04
     392   1.225000e+00  -2.0621e-03    0.0000e+00    4.6396e-04
     393   1.228125e+00  -2.0578e-03    0.0000e+00    4.6590e-04
     394   1.231250e+00  -2.0535e-03    0.0000e+00    4.6783e-04
     395   1.234375e+00  -2.0492e-03    0.0000e+00    4.6975e-04
     396   1.237500e+00  -2.0449e-03    0.0000e+00    4.7167e-04
     397   1.240625e+00  -2.0407e-03    0.0000e+00    4.7358e-04
     398   1.243750e+00  -2.0365e-03    0.0000e+00    4.7549e-04
     399   1.246875e+00  -2.0323e-03    0.0000e+00    4.7738e-04
     400   1.250000e+00  -2.0281e-03    0.0000e+00    4.7927e-04
     401   1.253125e+00  -2.0240e-03    0.0000e+00    4.8116e-04
     402   1.256250e+00  -2.0199e-03    0.0000e+00    4.8303e-04
     403   1.259375e+00  -2.0158e-03    0.0000e+00    4.8490e-04
     404   1.262500e+00  -2.0117e-03    0.0000e+00    4.8676e-04
     405   1.265625e+00  -2.0077e-03    0.0000e+00    4.8862e-04
     406   1.268750e+00  -2.0037e-03    0.0000e+00    4.9046e-04
     407   1.271875e+00  -1.9997e-03    0.0000e+00    4.9231e-04
     408   1.275000e+00  -1.9957e-03    0.0000e+00    4.9414e-04
     409   1.278125e+00  -1.9918e-03    0.0000e+00    4.9597e-04
     410   1.281250e+00  -1.9879e-03    0.0000e+00    4.9779e-04
     411   1.284375e+00  -1.9840e-03    0.0000e+00    4.9960e-04
     412   1.287500e+00  -1.9801e-03    0.0000e+00    5.0141e-04
     413   1.290625e+00  -1.9763e-03    0.0000e+00    5.0321e-04
     414   1.293750e+00  -1.9725e-03    0.0000e+00    5.0501e-04
     415   1.296875e+00  -1.9687e-03    0.0000e+00    5.0679e-04
     416   1.300000e+00  -1.9649e-03    0.0000e+00    5.0857e-04
     417   1.303125e+00  -1.9611e-03    0.0000e+00    5.1035e-04
     418   1.306250e+00  -1.9574e-03    0.0000e+00    5.1212e-04
     419   1.309375e+00  -1.9537e-03    0.0000e+00    5.1388e-04
     420   1.312500e+00  -1.9501e-03    0.0000e+00    5.1563e-04
     421   1.315625e+00  -1.9464e-03    0.0000e+00    5.1738e-04
     422   1.318750e+00  -1.9428e-03    0.0000e+00    5.1912e-04
     423   1.321875e+00  -1.9392e-03    0.0000e+00    5.2085e-04
     424   1.325000e+00  -1.9356e-03    0.0000e+00    5.2258e-04
     425   1.328125e+00  -1.9320e-03    0.0000e+00    5.2430e-04
     426   1.331250e+00  -1.9285e-03    0.0000e+00    5.2601e-04
     427   1.334375e+00  -1.9250e-03    0.0000e+00    5.2772e-04
     428   1.337500e+00  -1.9215e-03    0.0000e+00    5.2942e-04
     429   1.340625e+00  -1.9180e-03    0.0000e+00    5.3111e-04
     430   1.343750e+00  -1.9146e-03    0.0000e+00    5.3280e-04
     431   1.346875e+00  -1.9112e-03    0.0000e+00    5.3448e-04
     432   1.350000e+00  -1.9078e-03    0.0000e+00    5.3616e-04
     433   1.353125e+00  -1.9044e-03    0.0000e+00    5.3783e-04
     434   1.356250e+00  -1.9010e-03    0.0000e+00    5.3949e-04
     435   1.359375e+00  -1.8977e-03    0.0000e+00    5.4114e-04
     436   1.362500e+00  -1.8944e-03    0.0000e+00    5.4279e-04
     437   1.365625e+00  -1.8911e-03    0.0000e+00    5.4444e-04
     438   1.368750e+00  -1.8878e-03    0.0000e+00    5.4607e-04
     439   1.371875e+00  -1.8846e-03    0.0000e+00    5.4770e-04
     440   1.375000e+00  -1.8813e-03    0.0000e+00    5.4933e-04
     441   1.378125e+00  -1.8781e-03    0.0000e+00    5.5094e-04
     442   1.381250e+00  -1.8750e-03    0.0000e+00    5.5255e-04
     443   1.384375e+00  -1.8718e-03    0.0000e+00    5.5416e-04
     444   1.387500e+00  -1.8686e-03    0.0000e+00    5.5576e-04
     445   1.390625e+00  -1.8655e-03    0.0000e+00    5.5735e-04
     446   1.393750e+00  -1.8624e-03    0.0000e+00    5.5894e-04
     447   1.396875e+00  -1.8594e-03    0.0000e+00    5.6052e-04
     448   1.400000e+00  -1.8563e-03    0.0000e+00    5.6209e-04
     449   1.403125e+00  -1.8533e-03    0.0000e+00    5.6366e-04
     450   1.406250e+00  -1.8502e-03    0.0000e+00    5.6522e-04
     451   1.409375e+00  -1.8473e-03    0.0000e+00    5.6677e-04
     452   1.412500e+00  -1.8443e-03    0.0000e+00    5.6832e-04
     453   1.415625e+00  -1.8413e-03    0.0000e+00    5.6987e-04
     454   1.418750e+00  -1.8384e-03    0.0000e+00    5.7140e-04
     455   1.421875e+00  -1.8355e-03    0.0000e+00    5.7294e-04
     456   1.425000e+00  -1.8326e-03    0.0000e+00    5.7446e-04
     457   1.428125e+00  -1.8297e-03    0.0000e+00    5.7598e-04
     458   1.431250e+00  -1.8269e-03    0.0000e+00    5.7749e-04
     459   1.434375e+00  -1.8240e-03    0.0000e+00    5.7900e-04
     460   1.437500e+00  -1.8212e-03    0.0000e+00    5.8050e-04
     461   1.440625e+00  -1.8184e-03    0.0000e+00    5.8200e-04
     462   1.443750e+00  -1.8156e-03    0.0000e+00    5.8349e-04
     463   1.446875e+00  -1.8129e-03    0.0000e+00    5.8498e-04
     464   1.450000e+00  -1.8101e-03    0.0000e+00    5.8645e-04
     465   1.453125e+00  -1.8074e-03    0.0000e+00    5.8793e-04
     466   1.456250e+00  -1.8047e-03    0.0000e+00    5.8939e-04
     467   1.459375e+00  -1.8021e-03    0.0000e+00    5.9086e-04
     468   1.462500e+00  -1.7994e-03    0.0000e+00    5.9231e-04
     469   1.465625e+00  -1.7968e-03    0.0000e+00    5.9376e-04
     470   1.468750e+00  -1.7941e-03    0.0000e+00    5.9521e-04
     471   1.471875e+00  -1.7915e-03    0.0000e+00    5.9665e-04
     472   1.475000e+00  -1.7889e-03    0.0000e+00    5.9808e-04
     473   1.478125e+00  -1.7864e-03    0.0000e+00    5.9951e-04
     474   1.481250e+00  -1.7838e-03    0.0000e+00    6.0094e-04
     475   1.484375e+00  -1.7813e-03    0.0000e+00    6.0235e-04
     476   1.487500e+00  -1.7788e-03    0.0000e+00    6.0377e-04
     477   1.490625e+00  -1.7763e-03    0.0000e+00    6.0517e-04
     478   1.493750e+00  -1.7738e-03    0.0000e+00    6.0658e-04
     479   1.496875e+00  -1.7714e-03    0.0000e+00    6.0797e-04
     480   1.500000e+00  -1.7689e-03    0.0000e+00    6.0936e-04
     481   1.503125e+00  -1.7665e-03    0.0000e+00    6.1075e-04
     482   1.506250e+00  -1.7641e-03    0.0000e+00    6.1213e-04
     483   1.509375e+00  -1.7617e-03    0.0000e+00    6.1351e-04
     484   1.512500e+00  -1.7594e-03    0.0000e+00    6.1488e-04
     485   1.515625e+00  -1.7570e-03    0.0000e+00    6.1625e-04
     486   1.518750e+00  -1.7547e-03    0.0000e+00    6.1761e-04
     487   1.521875e+00  -1.7524e-03    0.0000e+00    6.1896e-04
     488   1.525000e+00  -1.7501e-03    0.0000e+00    6.2031e-04
     489   1.528125e+00  -1.7478e-03    0.0000e+00    6.2166e-04
     490   1.531250e+00  -1.7455e-03    0.0000e+00    6.2300e-04
     491   1.534375e+00  -1.7433e-03    0.0000e+00    6.2434e-04
     492   1.537500e+00  -1.7410e-03    0.0000e+00    6.2567e-04
     493   1.540625e+00  -1.7388e-03    0.0000e+00    6.2700e-04
     494   1.543750e+00  -1.7366e-03    0.0000e+00    6.2832e-04
     495   1.546875e+00  -1.7345e-03    0.0000e+00    6.2964e-04
     496   1.550000e+00  -1.7323e-03    0.0000e+00    6.3095e-04
     497   1.553125e+00  -1.7301e-03    0.0000e+00    6.3226e-04
     498   1.556250e+00  -1.7280e-03    0.0000e+00    6.3357e-04
     499   1.559375e+00  -1.7259e-03    0.0000e+00    6.3487e-04
     500   1.562500e+00  -1.7238e-03    0.0000e+00    6.3616e-04
     501   1.565625e+00  -1.7217e-03    0.0000e+00    6.3745e-04
     502   1.568750e+00  -1.7197e-03    0.0000e+00    6.3874e-04
     503   1.571875e+00  -1.7176e-03    0.0000e+00    6.4002e-04
     504   1.575000e+00  -1.7156e-03    0.0000e+00    6.4130e-04
     505   1.578125e+00  -1.7136e-03    0.0000e+00    6.4257e-04
     506   1.581250e+00  -1.7116e-03    0.0000e+00    6.4384e-04
     507   1.584375e+00  -1.7096e-03    0.0000e+00    6.4511e-04
     508   1.587500e+00  -1.7076e-03    0.0000e+00    6.4637e-04
     509   1.590625e+00  -1.7057e-03    0.0000e+00    6.4763e-04
     510   1.593750e+00  -1.7037e-03    0.0000e+00    6.4888e-04
     511   1.596875e+00  -1.7018e-03    0.0000e+00    6.5013e-04
     512   1.600000e+00  -1.6999e-03    0.0000e+00    6.5137e-04
     513   1.603125e+00  -1.6980e-03    0.0000e+00    6.5262e-04
     514   1.606250e+00  -1.6962e-03    0.0000e+00    6.5385e-04
     515   1.609375e+00  -1.6943e-03    0.0000e+00    6.5509e-04
     516   1.612500e+00  -1.6925e-03    0.0000e+00    6.5632e-04
     517   1.615625e+00  -1.6906e-03    0.0000e+00    6.5754e-04
     518   1.618750e+00  -1.6888e-03    0.0000e+00    6.5876e-04
     519   1.621875e+00  -1.6870e-03    0.0000e+00    6.5998e-04
     520   1.625000e+00  -1.6852e-03    0.0000e+00    6.6120e-04
     521   1.628125e+00  -1.6835e-03    0.0000e+00    6.6241e-04
     522   1.631250e+00  -1.6817e-03    0.0000e+00    6.6362e-04
     523   1.634375e+00  -1.6800e-03    0.0000e+00    6.6482e-04
     524   1.637500e+00  -1.6782e-03    0.0000e+00    6.6602e-04
     525   1.640625e+00  -1.6765e-03    0.0000e+00    6.6722e-04
     526   1.643750e+00  -1.6748e-03    0.0000e+00    6.6841e-04
     527   1.646875e+00  -1.6732e-03    0.0000e+00    6.6960e-04
     528   1.650000e+00  -1.6715e-03    0.0000e+00    6.7079e-04
     529   1.653125e+00  -1.6698e-03    0.0000e+00    6.7197e-04
     530   1.656250e+00  -1.6682e-03    0.0000e+00    6.7315e-04
     531   1.659375e+00  -1.6666e-03    0.0000e+00    6.7433e-04
     532   1.662500e+00  -1.6650e-03    0.0000e+00    6.7551e-04
     533   1.665625e+00  -1.6634e-03    0.0000e+00    6.7668e-04
     534   1.668750e+00  -1.6618e-03    0.0000e+00    6.7784e-04
     535   1.671875e+00  -1.6602e-03    0.0000e+00    6.7901e-04
     536   1.675000e+00  -1.6587e-03    0.0000e+00    6.8017e-04
     537   1.678125e+00  -1.6571e-03    0.0000e+00    6.8133e-04
     538   1.681250e+00  -1.6556e-03    0.0000e+00    6.8249e-04
     539   1.684375e+00  -1.6541e-03    0.0000e+00    6.8364e-04
     540   1.687500e+00  -1.6526e-03    0.0000e+00    6.8479e-04
     541   1.690625e+00  -1.6511e-03    0.0000e+00    6.8594e-04
     542   1.693750e+00  -1.6496e-03    0.0000e+00    6.8708e-04
     543   1.696875e+00  -1.6481e-03    0.0000e+00    6.8823e-04
     544   1.700000e+00  -1.6467e-03    0.0000e+00    6.8936e-04
     545   1.703125e+00  -1.6453e-03    0.0000e+00    6.9050e-04
     546   1.706250e+00  -1.6438e-03    0.0000e+00    6.9164e-04
     547   1.709375e+00  -1.6424e-03    0.0000e+00    6.9277e-04
     548   1.712500e+00  -1.6410e-03    0.0000e+00    6.9390e-04
     549   1.715625e+00  -1.6397e-03    0.0000e+00    6.9502e-04
     550   1.718750e+00  -1.6383e-03    0.0000e+00    6.9615e-04
     551   1.721875e+00  -1.6369e-03    0.0000e+00    6.9727e-04
     552   1.725000e+00  -1.6356e-03    0.0000e+00    6.9839e-04
     553   1.728125e+00  -1.6342e-03    0.0000e+00    6.9951e-04
     554   1.731250e+00  -1.6329e-03    0.0000e+00    7.0062e-04
     555   1.734375e+00  -1.6316e-03    0.0000e+00    7.0173e-04
     556   1.737500e+00  -1.6303e-03    0.0000e+00    7.0284e-04
     557   1.740625e+00  -1.6290e-03    0.0000e+00    7.0395e-04
     558   1.743750e+00  -1.6278e-03    0.0000e+00    7.0506e-04
     559   1.746875e+00  -1.6265e-03    0.0000e+00    7.0616e-04
     560   1.750000e+00  -1.6253e-03    0.0000e+00    7.0726e-04
     561   1.753125e+00  -1.6240e-03    0.0000e+00    7.0836e-04
     562   1.756250e+00  -1.6228e-03    0.0000e+00    7.0946e-04
     563   1.759375e+00  -1.6216e-03    0.0000e+00    7.1056e-04
     564   1.762500e+00  -1.6204e-03    0.0000e+00    7.1165e-04
     565   1.765625e+00  -1.6192e-03    0.0000e+00    7.1274e-04
     566   1.768750e+00  -1.6181e-03    0.0000e+00    7.1383e-04
     567   1.771875e+00  -1.6169e-03    0.0000e+00    7.1492e-04
     568   1.775000e+00  -1.6157e-03    0.0000e+00    7.1601e-04
     569   1.778125e+00  -1.6146e-03    0.0000e+00    7.1709e-04
     570   1.781250e+00  -1.6135e-03    0.0000e+00    7.1818e-04
     571   1.784375e+00  -1.6124e-03    0.0000e+00    7.1926e-04
     572   1.787500e+00  -1.6113e-03    0.0000e+00    7.2034e-04
     573   1.790625e+00  -1.6102e-03    0.0000e+00    7.2141e-04
     574   1.793750e+00  -1.6091e-03    0.0000e+00    7.2249e-04
     575   1.796875e+00  -1.6080e-03    0.0000e+00    7.2357e-04
     576   1.800000e+00  -1.6069e-03    0.0000e+00    7.2464e-04
     577   1.803125e+00  -1.6059e-03    0.0000e+00    7.2571e-04
     578   1.806250e+00  -1.6049e-03    0.0000e+00    7.2678e-04
     579   1.809375e+00  -1.6038e-03    0.0000e+00    7.2785e-04
     580   1.812500e+00  -1.6028e-03    0.0000e+00    7.2892e-04
     581   1.815625e+00  -1.6018e-03    0.0000e+00    7.2998e-04
     582   1.818750e+00  -1.6008e-03    0.0000e+00    7.3105e-04
     583   1.821875e+00  -1.5998e-03    0.0000e+00    7.3211e-04
     584   1.825000e+00  -1.5989e-03    0.0000e+00    7.3318e-04
     585   1.828125e+00  -1.5979e-03    0.0000e+00    7.3424e-04
     586   1.831250e+00  -1.5970e-03    0.0000e+00    7.3530e-04
     587   1.834375e+00  -1.5960e-03    0.0000e+00    7.3636e-04
     588   1.837500e+00  -1.5951e-03    0.0000e+00    7.3741e-04
     589   1.840625e+00  -1.5942e-03    0.0000e+00    7.3847e-04
     590   1.843750e+00  -1.5933e-03    0.0000e+00    7.3953e-04
     591   1.846875e+00  -1.5924e-03    0.0000e+00    7.4058e-04
     592   1.850000e+00  -1.5915e-03    0.0000e+00    7.4163e-04
     593   1.853125e+00  -1.5906e-03    0.0000e+00    7.4269e-04
     594   1.856250e+00  -1.5897e-03    0.0000e+00    7.4374e-04
     595   1.859375e+00  -1.5889e-03    0.0000e+00    7.4479e-04
     596   1.862500e+00  -1.5880e-03    0.0000e+00    7.4584e-04
     597   1.865625e+00  -1.5872e-03    0.0000e+00    7.4689e-04
     598   1.868750e+00  -1.5863e-03    0.0000e+00    7.4793e-04
     599   1.871875e+00  -1.5855e-03    0.0000e+00    7.4898e-04
     600   1.875000e+00  -1.5847e-03    0.0000e+00    7.5003e-04
     601   1.878125e+00  -1.5839e-03    0.0000e+00    7.5107e-04
     602   1.881250e+00  -1.5831e-03    0.0000e+00    7.5212e-04
     603   1.884375e+00  -1.5824e-03    0.0000e+00    7.5316e-04
     604   1.887500e+00  -1.5816e-03    0.0000e+00    7.5420e-04
     605   1.890625e+00  -1.5808e-03    0.0000e+00    7.5525e-04
     606   1.893750e+00  -1.5801e-03    0.0000e+00    7.5629e-04
     607   1.896875e+00  -1.5793e-03    0.0000e+00    7.5733e-04
     608   1.900000e+00  -1.5786e-03    0.0000e+00    7.5837e-04
     609   1.903125e+00  -1.5779e-03    0.0000e+00    7.5941e-04
     610   1.906250e+00  -1.5772e-03    0.0000e+00    7.6045e-04
     611   1.909375e+00  -1.5765e-03    0.0000e+00    7.6149e-04
     612   1.912500e+00  -1.5758e-03    0.0000e+00    7.6253e-04
     613   1.915625e+00  -1.5751e-03    0.0000e+00    7.6357e-04
     614   1.918750e+00  -1.5744e-03    0.0000e+00    7.6460e-04
     615   1.921875e+00  -1.5737e-03    0.0000e+00    7.6564e-04
     616   1.925000e+00  -1.5731e-03    0.0000e+00    7.6668e-04
     617   1.928125e+00  -1.5724e-03    0.0000e+00    7.6771e-04
     618   1.931250e+00  -1.5718e-03    0.0000e+00    7.6875e-04
     619   1.934375e+00  -1.5711e-03    0.0000e+00    7.6979e-04
     620   1.937500e+00  -1.5705e-03    0.0000e+00    7.7082e-04
     621   1.940625e+00  -1.5699e-03    0.0000e+00    7.7186e-04
     622   1.943750e+00  -1.5693e-03    0.0000e+00    7.7289e-04
     623   1.946875e+00  -1.5687e-03    0.0000e+00    7.7393e-04
     624   1.950000e+00  -1.5681e-03    0.0000e+00    7.7496e-04
     625   1.953125e+00  -1.5675e-03    0.0000e+00    7.7599e-04
     626   1.956250e+00  -1.5670e-03    0.0000e+00    7.7703e-04
     627   1.959375e+00  -1.5664e-03    0.0000e+00    7.7806e-04
     628   1.962500e+00  -1.5658e-03    0.0000e+00    7.7910e-04
     629   1.965625e+00  -1.5653e-03    0.0000e+00    7.8013e-04
     630   1.968750e+00  -1.5648e-03    0.0000e+00    7.8116e-04
     631   1.971875e+00  -1.5642e-03    0.0000e+00    7.8219e-04
     632   1.975000e+00  -1.5637e-03    0.0000e+00    7.8323e-04
     633   1.978125e+00  -1.5632e-03    0.0000e+00    7.8426e-04
     634   1.981250e+00  -1.5627e-03    0.0000e+00    7.8529e-04
     635   1.984375e+00  -1.5622e-03    0.0000e+00    7.8633e-04
     636   1.987500e+00  -1.5617e-03    0.0000e+00    7.8736e-04
     637   1.990625e+00  -1.5612e-03    0.0000e+00    7.8839e-04
     638   1.993750e+00  -1.5607e-03    0.0000e+00    7.8942e-04
     639   1.996875e+00  -1.5603e-03    0.0000e+00    7.9046e-04
     640   2.000000e+00  -1.5598e-03    0.0000e+00    7.9149e-04
     641   2.003125e+00  -1.5594e-03    0.0000e+00    7.9252e-04
     642   2.006250e+00  -1.5589e-03    0.0000e+00    7.9356e-04
     643   2.009375e+00  -1.5585e-03    0.0000e+00    7.9459e-04
     644   2.012500e+00  -1.5580e-03    0.0000e+00    7.9562e-04
     645   2.015625e+00  -1.5576e-03    0.0000e+00    7.9666e-04
     646   2.018750e+00  -1.5572e-03    0.0000e+00    7.9769e-04
     647   2.021875e+00  -1.5568e-03    0.0000e+00    7.9872e-04
     648   2.025000e+00  -1.5564e-03    0.0000e+00    7.9976e-04
     649   2.028125e+00  -1.5560e-03    0.0000e+00    8.0079e-04
     650   2.031250e+00  -1.5556e-03    0.0000e+00    8.0182e-04
     651   2.034375e+00  -1.5553e-03    0.0000e+00    8.0286e-04
     652   2.037500e+00  -1.5549e-03    0.0000e+00    8.0389e-04
     653   2.040625e+00  -1.5545e-03    0.0000e+00    8.0493e-04
     654   2.043750e+00  -1.5542e-03    0.0000e+00    8.0596e-04
     655   2.046875e+00  -1.5538e-03    0.0000e+00    8.0700e-04
     656   2.050000e+00  -1.5535e-03    0.0000e+00    8.0803e-04
     657   2.053125e+00  -1.5531e-03    0.0000e+00    8.0907e-04
     658   2.056250e+00  -1.5528e-03    0.0000e+00    8.1010e-04
     659   2.059375e+00  -1.5525e-03    0.0000e+00    8.1114e-04
     660   2.062500e+00  -1.5522e-03    0.0000e+00    8.1218e-04
     661   2.065625e+00  -1.5519e-03    0.0000e+00    8.1321e-04
     662   2.068750e+00  -1.5516e-03    0.0000e+00    8.1425e-04
     663   2.071875e+00  -1.5513e-03    0.0000e+00    8.1529e-04
     664   2.075000e+00  -1.5510e-03    0.0000e+00    8.1633e-04
     665   2.078125e+00  -1.5507e-03    0.0000e+00    8.1736e-04
     666   2.081250e+00  -1.5505e-03    0.0000e+00    8.1840e-04
     667   2.084375e+00  -1.5502e-03    0.0000e+00    8.1944e-04
     668   2.087500e+00  -1.5499e-03    0.0000e+00    8.2048e-04
     669   2.090625e+00  -1.5497e-03    0.0000e+00    8.2152e-04
     670   2.093750e+00  -1.5494e-03    0.0000e+00    8.2256e-04
     671   2.096875e+00  -1.5492e-03    0.0000e+00    8.2360e-04
     672   2.100000e+00  -1.5490e-03    0.0000e+00    8.2464e-04
     673   2.103125e+00  -1.5487e-03    0.0000e+00    8.2568e-04
     674   2.106250e+00  -1.5485e-03    0.0000e+00    8.2673e-04
     675   2.109375e+00  -1.5483e-03    0.0000e+00    8.2777e-04
     676   2.112500e+00  -1.5481e-03    0.0000e+00    8.2881e-04
     677   2.115625e+00  -1.5479e-03    0.0000e+00    8.2985e-04
     678   2.118750e+00  -1.5477e-03    0.0000e+00    8.3090e-04
     679   2.121875e+00  -1.5475e-03    0.0000e+00    8.3194e-04
     680   2.125000e+00  -1.5473e-03    0.0000e+00    8.3299e-04
     681   2.128125e+00  -1.5471e-03    0.0000e+00    8.3403e-04
     682   2.131250e+00  -1.5470e-03    0.0000e+00    8.3508e-04
     683   2.134375e+00  -1.5468e-03    0.0000e+00    8.3612e-04
     684   2.137500e+00  -1.5467e-03    0.0000e+00    8.3717e-04
     685   2.140625e+00  -1.5465e-03    0.0000e+00    8.3822e-04
     686   2.143750e+00  -1.5464e-03    0.0000e+00    8.3926e-04
     687   2.146875e+00  -1.5462e-03    0.0000e+00    8.4031e-04
     688   2.150000e+00  -1.5461e-03    0.0000e+00    8.4136e-04
     689   2.153125e+00  -1.5459e-03    0.0000e+00    8.4241e-04
     690   2.156250e+00  -1.5458e-03    0.0000e+00    8.4346e-04
     691   2.159375e+00  -1.5457e-03    0.0000e+00    8.4451e-04
     692   2.162500e+00  -1.5456e-03    0.0000e+00    8.4556e-04
     693   2.165625e+00  -1.5455e-03    0.0000e+00    8.4661e-04
     694   2.168750e+00  -1.5454e-03    0.0000e+00    8.4766e-04
     695   2.171875e+00  -1.5453e-03    0.0000e+00    8.4871e-04
     696   2.175000e+00  -1.5452e-03    0.0000e+00    8.4977e-04
     697   2.178125e+00  -1.5451e-03    0.0000e+00    8.5082e-04
     698   2.181250e+00  -1.5450e-03    0.0000e+00    8.5187e-04
     699   2.184375e+00  -1.5450e-03    0.0000e+00    8.5293e-04
     700   2.187500e+00  -1.5449e-03    0.0000e+00    8.5398e-04
     701   2.190625e+00  -1.5448e-03    0.0000e+00    8.5504e-04
     702   2.193750e+00  -1.5448e-03    0.0000e+00    8.5609e-04
     703   2.196875e+00  -1.5447e-03    0.0000e+00    8.5715e-04
     704   2.200000e+00  -1.5447e-03    0.0000e+00    8.5821e-04
     705   2.203125e+00  -1.5446e-03    0.0000e+00    8.5927e-04
     706   2.206250e+00  -1.5446e-03    0.0000e+00    8.6032e-04
     707   2.209375e+00  -1.5446e-03    0.0000e+00    8.6138e-04
     708   2.212500e+00  -1.5445e-03    0.0000e+00    8.6244e-04
     709   2.215625e+00  -1.5445e-03    0.0000e+00    8.6350e-04
     710   2.218750e+00  -1.5445e-03    0.0000e+00    8.6456e-04
     711   2.221875e+00  -1.5445e-03    0.0000e+00    8.6562e-04
     712   2.225000e+00  -1.5445e-03    0.0000e+00    8.6669e-04
     713   2.228125e+00  -1.5445e-03    0.0000e+00    8.6775e-04
     714   2.231250e+00  -1.5445e-03    0.0000e+00    8.6881e-04
     715   2.234375e+00  -1.5445e-03    0.0000e+00    8.6987e-04
     716   2.237500e+00  -1.5445e-03    0.0000e+00    8.7094e-04
     717   2.240625e+00  -1.5445e-03    0.0000e+00    8.7200e-04
     718   2.243750e+00  -1.5446e-03    0.0000e+00    8.7307e-04
     719   2.246875e+00  -1.5446e-03    0.0000e+00    8.7413e-04
     720   2.250000e+00  -1.5446e-03    0.0000e+00    8.7520e-04
     721   2.253125e+00  -1.5447e-03    0.0000e+00    8.7627e-04
     722   2.256250e+00  -1.5447e-03    0.0000e+00    8.7733e-04
     723   2.259375e+00  -1.5447e-03    0.0000e+00    8.7840e-04
     724   2.262500e+00  -1.5448e-03    0.0000e+00    8.7947e-04
     725   2.265625e+00  -1.5449e-03    0.0000e+00    8.8054e-04
     726   2.268750e+00  -1.5449e-03    0.0000e+00    8.8161e-04
     727   2.271875e+00  -1.5450e-03    0.0000e+00    8.8268e-04
     728   2.275000e+00  -1.5451e-03    0.0000e+00    8.8375e-04
     729   2.278125e+00  -1.5451e-03    0.0000e+00    8.8482e-04
     730   2.281250e+00  -1.5452e-03    0.0000e+00    8.8590e-04
     731   2.284375e+00  -1.5453e-03    0.0000e+00    8.8697e-04
     732   2.287500e+00  -1.5454e-03    0.0000e+00    8.8804e-04
     733   2.290625e+00  -1.5455e-03    0.0000e+00    8.8912e-04
     734   2.293750e+00  -1.5456e-03    0.0000e+00    8.9019e-04
     735   2.296875e+00  -1.5457e-03    0.0000e+00    8.9126e-04
     736   2.300000e+00  -1.5458e-03    0.0000e+00    8.9234e-04
     737   2.303125e+00  -1.5459e-03    0.0000e+00    8.9342e-04
     738   2.306250e+00  -1.5460e-03    0.0000e+00    8.9449e-04
     739   2.309375e+00  -1.5461e-03    0.0000e+00    8.9557e-04
     740   2.312500e+00  -1.5462e-03    0.0000e+00    8.9665e-04
     741   2.315625e+00  -1.5464e-03    0.0000e+00    8.9773e-04
     742   2.318750e+00  -1.5465e-03    0.0000e+00    8.9880e-04
     743   2.321875e+00  -1.5466e-03    0.0000e+00    8.9988e-04
     744   2.325000e+00  -1.5468e-03    0.0000e+00    9.0096e-04
     745   2.328125e+00  -1.5469e-03    0.0000e+00    9.0204e-04
     746   2.331250e+00  -1.5471e-03    0.0000e+00    9.0313e-04
     747   2.334375e+00  -1.5472e-03    0.0000e+00    9.0421e-04
     748   2.337500e+00  -1.5474e-03    0.0000e+00    9.0529e-04
     749   2.340625e+00  -1.5475e-03    0.0000e+00    9.0637e-04
     750   2.343750e+00  -1.5477e-03    0.0000e+00    9.0745e-04
     751   2.346875e+00  -1.5479e-03    0.0000e+00    9.0854e-04
     752   2.350000e+00  -1.5480e-03    0.0000e+00    9.0962e-04
     753   2.353125e+00  -1.5482e-03    0.0000e+00    9.1071e-04
     754   2.356250e+00  -1.5484e-03    0.0000e+00    9.1179e-04
     755   2.359375e+00  -1.5486e-03    0.0000e+00    9.1288e-04
     756   2.362500e+00  -1.5488e-03    0.0000e+00    9.1396e-04
     757   2.365625e+00  -1.5490e-03    0.0000e+00    9.1505e-04
     758   2.368750e+00  -1.5492e-03    0.0000e+00    9.1614e-04
     759   2.371875e+00  -1.5494e-03    0.0000e+00    9.1722e-04
     760   2.375000e+00  -1.5496e-03    0.0000e+00    9.1831e-04
     761   2.378125e+00  -1.5498e-03    0.0000e+00    9.1940e-04
     762   2.381250e+00  -1.5500e-03    0.0000e+00    9.2049e-04
     763   2.384375e+00  -1.5502e-03    0.0000e+00    9.2158e-04
     764   2.387500e+00  -1.5504e-03    0.0000e+00    9.2267e-04
     765   2.390625e+00  -1.5506e-03    0.0000e+00    9.2376e-04
     766   2.393750e+00  -1.5508e-03    0.0000e+00    9.2485e-04
     767   2.396875e+00  -1.5511e-03    0.0000e+00    9.2594e-04
     768   2.400000e+00  -1.5513e-03    0.0000e+00    9.2703e-04
     769   2.403125e+00  -1.5515e-03    0.0000e+00    9.2813e-04
     770   2.406250e+00  -1.5518e-03    0.0000e+00    9.2922e-04
     771   2.409375e+00  -1.5520e-03    0.0000e+00    9.3031e-04
     772   2.412500e+00  -1.5523e-03    0.0000e+00    9.3141e-04
     773   2.415625e+00  -1.5525e-03    0.0000e+00    9.3250e-04
     774   2.418750e+00  -1.5528e-03    0.0000e+00    9.3359e-04
     775   2.421875e+00  -1.5530e-03    0.0000e+00    9.3469e-04
     776   2.425000e+00  -1.5533e-03    0.0000e+00    9.3578e-04
     777   2.428125e+00  -1.5535e-03    0.0000e+00    9.3688e-04
     778   2.431250e+00  -1.5538e-03    0.0000e+00    9.3798e-04
     779   2.434375e+00  -1.5541e-03    0.0000e+00    9.3907e-04
     780   2.437500e+00  -1.5543e-03    0.0000e+00    9.4017e-04
     781   2.440625e+00  -1.5546e-03    0.0000e+00    9.4127e-04
     782   2.443750e+00  -1.5549e-03    0.0000e+00    9.4236e-04
     783   2.446875e+00  -1.5552e-03    0.0000e+00    9.4346e-04
     784   2.450000e+00  -1.5555e-03    0.0000e+00    9.4456e-04
     785   2.453125e+00  -1.5557e-03    0.0000e+00    9.4566e-04
     786   2.456250e+00  -1.5560e-03    0.0000e+00    9.4676e-04
     787   2.459375e+00  -1.5563e-03    0.0000e+00    9.4786e-04
     788   2.462500e+00  -1.5566e-03    0.0000e+00    9.4896e-04
     789   2.465625e+00  -1.5569e-03    0.0000e+00    9.5006e-04
     790   2.468750e+00  -1.5572e-03    0.0000e+00    9.5116e-04
     791   2.471875e+00  -1.5575e-03    0.0000e+00    9.5226e-04
     792   2.475000e+00  -1.5578e-03    0.0000e+00    9.5336e-04
     793   2.478125e+00  -1.5582e-03    0.0000e+00    9.5446e-04
     794   2.481250e+00  -1.5585e-03    0.0000e+00    9.5556e-04
     795   2.484375e+00  -1.5588e-03    0.0000e+00    9.5666e-04
     796   2.487500e+00  -1.5591e-03    0.0000e+00    9.5776e-04
     797   2.490625e+00  -1.5594e-03    0.0000e+00    9.5887e-04
     798   2.493750e+00  -1.5598e-03    0.0000e+00    9.5997e-04
     799   2.496875e+00  -1.5601e-03    0.0000e+00    9.6107e-04
     800   2.500000e+00  -1.5604e-03    0.0000e+00    9.6218e-04
     801   2.503125e+00  -1.5608e-03    0.0000e+00    9.6328e-04
     802   2.506250e+00  -1.5611e-03    0.0000e+00    9.6438e-04
     803   2.509375e+00  -1.5614e-03    0.0000e+00    9.6549e-04
     804   2.512500e+00  -1.5618e-03    0.0000e+00    9.6659e-04
     805   2.515625e+00  -1.5621e-03    0.0000e+00    9.6770e-04
     806   2.518750e+00  -1.5625e-03    0.0000e+00    9.6880e-04
     807   2.521875e+00  -1.5628e-03    0.0000e+00    9.6991e-04
     808   2.525000e+00  -1.5632e-03    0.0000e+00    9.7101e-04
     809   2.528125e+00  -1.5635e-03    0.0000e+00    9.7212e-04
     810   2.531250e+00  -1.5639e-03    0.0000e+00    9.7322e-04
     811   2.534375e+00  -1.5643e-03    0.0000e+00    9.7433e-04
     812   2.537500e+00  -1.5646e-03    0.0000e+00    9.7543e-04
     813   2.540625e+00  -1.5650e-03    0.0000e+00    9.7654e-04
     814   2.543750e+00  -1.5654e-03    0.0000e+00    9.7765e-04
     815   2.546875e+00  -1.5657e-03    0.0000e+00    9.7875e-04
     816   2.550000e+00  -1.5661e-03    0.0000e+00    9.7986e-04
     817   2.553125e+00  -1.5665e-03    0.0000e+00    9.8097e-04
     818   2.556250e+00  -1.5669e-03    0.0000e+00    9.8207e-04
     819   2.559375e+00  -1.5673e-03    0.0000e+00    9.8318e-04
     820   2.562500e+00  -1.5676e-03    0.0000e+00    9.8429e-04
     821   2.565625e+00  -1.5680e-03    0.0000e+00    9.8539e-04
     822   2.568750e+00  -1.5684e-03    0.0000e+00    9.8650e-04
     823   2.571875e+00  -1.5688e-03    0.0000e+00    9.8761e-04
     824   2.575000e+00  -1.5692e-03    0.0000e+00    9.8872e-04
     825   2.578125e+00  -1.5696e-03    0.0000e+00    9.8983e-04
     826   2.581250e+00  -1.5700e-03    0.0000e+00    9.9093e-04
     827   2.584375e+00  -1.5704e-03    0.0000e+00    9.9204e-04
     828   2.587500e+00  -1.5708e-03    0.0000e+00    9.9315e-04
     829   2.590625e+00  -1.5712e-03    0.0000e+00    9.9426e-04
     830   2.593750e+00  -1.5716e-03    0.0000e+00    9.9537e-04
     831   2.596875e+00  -1.5720e-03    0.0000e+00    9.9647e-04
     832   2.600000e+00  -1.5725e-03    0.0000e+00    9.9758e-04
     833   2.603125e+00  -1.5729e-03    0.0000e+00    9.9869e-04
     834   2.606250e+00  -1.5733e-03    0.0000e+00    9.9980e-04
     835   2.609375e+00  -1.5737e-03    0.0000e+00    1.0009e-03
     836   2.612500e+00  -1.5741e-03    0.0000e+00    1.0020e-03
     837   2.615625e+00  -1.5746e-03    0.0000e+00    1.0031e-03
     838   2.618750e+00  -1.5750e-03    0.0000e+00    1.0042e-03
     839   2.621875e+00  -1.5754e-03    0.0000e+00    1.0053e-03
     840   2.625000e+00  -1.5759e-03    0.0000e+00    1.0064e-03
     841   2.628125e+00  -1.5763e-03    0.0000e+00    1.0076e-03
     842   2.631250e+00  -1.5767e-03    0.0000e+00    1.0087e-03
     843   2.634375e+00  -1.5772e-03    0.0000e+00    1.0098e-03
     844   2.637500e+00  -1.5776e-03    0.0000e+00    1.0109e-03
     845   2.640625e+00  -1.5781e-03    0.0000e+00    1.0120e-03
     846   2.643750e+00  -1.5785e-03    0.0000e+00    1.0131e-03
     847   2.646875e+00  -1.5789e-03    0.0000e+00    1.0142e-03
     848   2.650000e+00  -1.5794e-03    0.0000e+00    1.0153e-03
     849   2.653125e+00  -1.5798e-03    0.0000e+00    1.0164e-03
     850   2.656250e+00  -1.5803e-03    0.0000e+00    1.0175e-03
     851   2.659375e+00  -1.5808e-03    0.0000e+00    1.0186e-03
     852   2.662500e+00  -1.5812e-03    0.0000e+00    1.0197e-03
     853   2.665625e+00  -1.5817e-03    0.0000e+00    1.0208e-03
     854   2.668750e+00  -1.5821e-03    0.0000e+00    1.0220e-03
     855   2.671875e+00  -1.5826e-03    0.0000e+00    1.0231e-03
     856   2.675000e+00  -1.5831e-03    0.0000e+00    1.0242e-03
     857   2.678125e+00  -1.5835e-03    0.0000e+00    1.0253e-03
     858   2.681250e+00  -1.5840e-03    0.0000e+00    1.0264e-03
     859   2.684375e+00  -1.5845e-03    0.0000e+00    1.0275e-03
     860   2.687500e+00  -1.5849e-03    0.0000e+00    1.0286e-03
     861   2.690625e+00  -1.5854e-03    0.0000e+00    1.0297e-03
     862   2.693750e+00  -1.5859e-03    0.0000e+00    1.0308e-03
     863   2.696875e+00  -1.5864e-03    0.0000e+00    1.0319e-03
     864   2.700000e+00  -1.5868e-03    0.0000e+00    1.0330e-03
     865   2.703125e+00  -1.5873e-03    0.0000e+00    1.0341e-03
     866   2.706250e+00  -1.5878e-03    0.0000e+00    1.0352e-03
     867   2.709375e+00  -1.5883e-03    0.0000e+00    1.0363e-03
     868   2.712500e+00  -1.5888e-03    0.0000e+00    1.0374e-03
     869   2.715625e+00  -1.5893e-03    0.0000e+00    1.0385e-03
     870   2.718750e+00  -1.5898e-03    0.0000e+00    1.0396e-03
     871   2.721875e+00  -1.5903e-03    0.0000e+00    1.0407e-03
     872   2.725000e+00  -1.5907e-03    0.0000e+00    1.0418e-03
     873   2.728125e+00  -1.5912e-03    0.0000e+00    1.0430e-03
     874   2.731250e+00  -1.5917e-03    0.0000e+00    1.0441e-03
     875   2.734375e+00  -1.5922e-03    0.0000e+00    1.0452e-03
     876   2.737500e+00  -1.5927e-03    0.0000e+00    1.0463e-03
     877   2.740625e+00  -1.5932e-03    0.0000e+00    1.0474e-03
     878   2.743750e+00  -1.5937e-03    0.0000e+00    1.0485e-03
     879   2.746875e+00  -1.5942e-03    0.0000e+00    1.0496e-03
     880   2.750000e+00  -1.5948e-03    0.0000e+00    1.0507e-03
     881   2.753125e+00  -1.5953e-03    0.0000e+00    1.0518e-03
     882   2.756250e+00  -1.5958e-03    0.0000e+00    1.0529e-03
     883   2.759375e+00  -1.5963e-03    0.0000e+00    1.0540e-03
     884   2.762500e+00  -1.5968e-03    0.0000e+00    1.0551e-03
     885   2.765625e+00  -1.5973e-03    0.0000e+00    1.0562e-03
     886   2.768750e+00  -1.5978e-03    0.0000e+00    1.0573e-03
     887   2.771875e+00  -1.5983e-03    0.0000e+00    1.0583e-03
     888   2.775000e+00  -1.5989e-03    0.0000e+00    1.0594e-03
     889   2.778125e+00  -1.5994e-03    0.0000e+00    1.0605e-03
     890   2.781250e+00  -1.5999e-03    0.0000e+00    1.0616e-03
     891   2.784375e+00  -1.6004e-03    0.0000e+00    1.0627e-03
     892   2.787500e+00  -1.6009e-03    0.0000e+00    1.0638e-03
     893   2.790625e+00  -1.6015e-03    0.0000e+00    1.0649e-03
     894   2.793750e+00  -1.6020e-03    0.0000e+00    1.0660e-03
     895   2.796875e+00  -1.6025e-03    0.0000e+00    1.0671e-03
     896   2.800000e+00  -1.6031e-03    0.0000e+00    1.0682e-03
     897   2.803125e+00  -1.6036e-03    0.0000e+00    1.0693e-03
     898   2.806250e+00  -1.6041e-03    0.0000e+00    1.0704e-03
     899   2.809375e+00  -1.6046e-03    0.0000e+00    1.0715e-03
     900   2.812500e+00  -1.6052e-03    0.0000e+00    1.0726e-03
     901   2.815625e+00  -1.6057e-03    0.0000e+00    1.0737e-03
     902   2.818750e+00  -1.6063e-03    0.0000e+00    1.0747e-03
     903   2.821875e+00  -1.6068e-03    0.0000e+00    1.0758e-03
     904   2.825000e+00  -1.6073e-03    0.0000e+00    1.0769e-03
     905   2.828125e+00  -1.6079e-03    0.0000e+00    1.0780e-03
     906   2.831250e+00  -1.6084e-03    0.0000e+00    1.0791e-03
     907   2.834375e+00  -1.6090e-03    0.0000e+00    1.0802e-03
     908   2.837500e+00  -1.6095e-03    0.0000e+00    1.0813e-03
     909   2.840625e+00  -1.6100e-03    0.0000e+00    1.0823e-03
     910   2.843750e+00  -1.6106e-03    0.0000e+00    1.0834e-03
     911   2.846875e+00  -1.6111e-03    0.0000e+00    1.0845e-03
     912   2.850000e+00  -1.6117e-03    0.0000e+00    1.0856e-03
     913   2.853125e+00  -1.6122e-03    0.0000e+00    1.0867e-03
     914   2.856250e+00  -1.6128e-03    0.0000e+00    1.0878e-03
     915   2.859375e+00  -1.6133e-03    0.0000e+00    1.0888e-03
     916   2.862500e+00  -1.6139e-03    0.0000e+00    1.0899e-03
     917   2.865625e+00  -1.6144e-03    0.0000e+00    1.0910e-03
     918   2.868750e+00  -1.6150e-03    0.0000e+00    1.0921e-03
     919   2.871875e+00  -1.6156e-03    0.0000e+00    1.0932e-03
     920   2.875000e+00  -1.6161e-03    0.0000e+00    1.0942e-03
     921   2.878125e+00  -1.6167e-03    0.0000e+00    1.0953e-03
     922   2.881250e+00  -1.6172e-03    0.0000e+00    1.0964e-03
     923   2.884375e+00  -1.6178e-03    0.0000e+00    1.0975e-03
     924   2.887500e+00  -1.6183e-03    0.0000e+00    1.0985e-03
     925   2.890625e+00  -1.6189e-03    0.0000e+00    1.0996e-03
     926   2.893750e+00  -1.6195e-03    0.0000e+00    1.1007e-03
     927   2.896875e+00  -1.6200e-03    0.0000e+00    1.1017e-03
     928   2.900000e+00  -1.6206e-03    0.0000e+00    1.1028e-03
     929   2.903125e+00  -1.6212e-03    0.0000e+00    1.1039e-03
     930   2.906250e+00  -1.6217e-03    0.0000e+00    1.1050e-03
     931   2.909375e+00  -1.6223e-03    0.0000e+00    1.1060e-03
     932   2.912500e+00  -1.6229e-03    0.0000e+00    1.1071e-03
     933   2.915625e+00  -1.6234e-03    0.0000e+00    1.1081e-03
     934   2.918750e+00  -1.6240e-03    0.0000e+00    1.1092e-03
     935   2.921875e+00  -1.6246e-03    0.0000e+00    1.1103e-03
     936   2.925000e+00  -1.6251e-03    0.0000e+00    1.1113e-03
     937   2.928125e+00  -1.6257e-03    0.0000e+00    1.1124e-03
     938   2.931250e+00  -1.6263e-03    0.0000e+00    1.1135e-03
     939   2.934375e+00  -1.6269e-03    0.0000e+00    1.1145e-03
     940   2.937500e+00  -1.6274e-03    0.0000e+00    1.1156e-03
     941   2.940625e+00  -1.6280e-03    0.0000e+00    1.1166e-03
     942   2.943750e+00  -1.6286e-03    0.0000e+00    1.1177e-03
     943   2.946875e+00  -1.6292e-03    0.0000e+00    1.1187e-03
     944   2.950000e+00  -1.6297e-03    0.0000e+00    1.1198e-03
     945   2.953125e+00  -1.6303e-03    0.0000e+00    1.1209e-03
     946   2.956250e+00  -1.6309e-03    0.0000e+00    1.1219e-03
     947   2.959375e+00  -1.6315e-03    0.0000e+00    1.1230e-03
     948   2.962500e+00  -1.6320e-03    0.0000e+00    1.1240e-03
     949   2.965625e+00  -1.6326e-03    0.0000e+00    1.1251e-03
     950   2.968750e+00  -1.6332e-03    0.0000e+00    1.1261e-03
     951   2.971875e+00  -1.6338e-03    0.0000e+00    1.1271e-03
     952   2.975000e+00  -1.6344e-03    0.0000e+00    1.1282e-03
     953   2.978125e+00  -1.6350e-03    0.0000e+00    1.1292e-03
     954   2.981250e+00  -1.6355e-03    0.0000e+00    1.1303e-03
     955   2.984375e+00  -1.6361e-03    0.0000e+00    1.1313e-03
     956   2.987500e+00  -1.6367e-03    0.0000e+00    1.1324e-03
     957   2.990625e+00  -1.6373e-03    0.0000e+00    1.1334e-03
     958   2.993750e+00  -1.6379e-03    0.0000e+00    1.1344e-03
     959   2.996875e+00  -1.6385e-03    0.0000e+00    1.1355e-03
     960   3.000000e+00  -1.6390e-03    0.0000e+00    1.1365e-03
     961   3.003125e+00  -1.6396e-03    0.0000e+00    1.1375e-03
     962   3.006250e+00  -1.6402e-03    0.0000e+00    1.1386e-03
     963   3.009375e+00  -1.6408e-03    0.0000e+00    1.1396e-03
     964   3.012500e+00  -1.6414e-03    0.0000e+00    1.1406e-03
     965   3.015625e+00  -1.6420e-03    0.0000e+00    1.1417e-03
     966   3.018750e+00  -1.6426e-03    0.0000e+00    1.1427e-03
     967   3.021875e+00  -1.6432e-03    0.0000e+00    1.1437e-03
     968   3.025000e+00  -1.6437e-03    0.0000e+00    1.1448e-03
     969   3.028125e+00  -1.6443e-03    0.0000e+00    1.1458e-03
     970   3.031250e+00  -1.6449e-03    0.0000e+00    1.1468e-03
     971   3.034375e+00  -1.6455e-03    0.0000e+00    1.1478e-03
     972   3.037500e+00  -1.6461e-03    0.0000e+00    1.1488e-03
     973   3.040625e+00  -1.6467e-03    0.0000e+00    1.1499e-03
     974   3.043750e+00  -1.6473e-03    0.0000e+00    1.1509e-03
     975   3.046875e+00  -1.6479e-03    0.0000e+00    1.1519e-03
     976   3.050000e+00  -1.6485e-03    0.0000e+00    1.1529e-03
     977   3.053125e+00  -1.6491e-03    0.0000e+00    1.1539e-03
     978   3.056250e+00  -1.6496e-03    0.0000e+00    1.1549e-03
     979   3.059375e+00  -1.6502e-03    0.0000e+00    1.1559e-03
     980   3.062500e+00  -1.6508e-03    0.0000e+00    1.1570e-03
     981   3.065625e+00  -1.6514e-03    0.0000e+00    1.1580e-03
     982   3.068750e+00  -1.6520e-03    0.0000e+00    1.1590e-03
     983   3.071875e+00  -1.6526e-03    0.0000e+00    1.1600e-03
     984   3.075000e+00  -1.6532e-03    0.0000e+00    1.1610e-03
     985   3.078125e+00  -1.6538e-03    0.0000e+00    1.1620e-03
     986   3.081250e+00  -1.6544e-03    0.0000e+00    1.1630e-03
     987   3.084375e+00  -1.6550e-03    0.0000e+00    1.1640e-03
     988   3.087500e+00  -1.6556e-03    0.0000e+00    1.1650e-03
     989   3.090625e+00  -1.6562e-03    0.0000e+00    1.1660e-03
     990   3.093750e+00  -1.6568e-03    0.0000e+00    1.1670e-03
     991   3.096875e+00  -1.6574e-03    0.0000e+00    1.1680e-03
     992   3.100000e+00  -1.6579e-03    0.0000e+00    1.1689e-03
     993   3.103125e+00  -1.6585e-03    0.0000e+00    1.1699e-03
     994   3.106250e+00  -1.6591e-03    0.0000e+00    1.1709e-03
     995   3.109375e+00  -1.6597e-03    0.0000e+00    1.1719e-03
     996   3.112500e+00  -1.6603e-03    0.0000e+00    1.1729e-03
     997   3.115625e+00  -1.6609e-03    0.0000e+00    1.1739e-03
     998   3.118750e+00  -1.6615e-03    0.0000e+00    1.1749e-03
     999   3.121875e+00  -1.6621e-03    0.0000e+00    1.1758e-03
    1000   3.125000e+00  -1.6627e-03    0.0000e+00    1.1768e-03
